324 715 50 852 331 205 187 316 16 696 387 849 349
293 483 337 314 741 342 530 801 848 994 117 152 879
445 974 661 438 719 68 515 574 845 607 780 98 822
883 723 265 99 711 622 425 728 91 777 864 770 184
348 259 413 947 545 367 550 814 451 974 594 887 980
503 429 460 9 369 946 591 65 200 663 484 274 621
284 735 44 908 791 45 249 912 560 290 883 581 934
19 415 606 523 929 588 217 608 267 128 395 687 485
285 292 9 434 930 460 121 612 430 497 193 295 837
802 448 140 591 556 759 219 216 439 83 888 536 393
41 808 412 786 744 648 72 171 219 643 888 302 839
578 74 559 650 797 452 685 509 237 652 549 814 549
485 91 896 142 956 910 199 764 877 342 998 408 491
671 483 373 196 301 642 295 503 690 429 369 712 681
933 874 513 851 275 700 576 386 714 573 75 435 820
