-4431116661551209579697961845341378873722470368770771283683673828125
509555788907336655999627037628985423011112496629375
-2655221752318471363369629811320494940964205859375
1937985209595736048599160617
2210944962827323253592149366539873828125
14825149711549509007679174653082490000439453125
-5309808479730965939678295517553476534399861024921875
594176263028189745952506242056629430891001287152483860838378519287109375
4714129418940710015642367658266486629678991423947167194543705311730891405322265625
35375889820801748531721175994088121905486922299668532650046861431366749072265625
57035964750902003066482537140534848618143725
2147140498347
-3260773768907275669476442585511325
752695115990758220379087129798093529341731280900133801562824166180575384940625
-231214804837080781
-8284252947826976462284962561625299052253798638709281900257296484375
82203505810558843536194524115625
111177936347594422748031200816434125
-131638209667429081019236948161505888484473125
-1656437593094242788272579710279950668282573173629106708680580546875
-536387537157062592510139619977653156176748902346821281450904296875
-644081537700136515
27392572786960904562188487723502601859375
18619735263044321971045488639048467495280891352171875
-39315284875123136799880109450668469167761341545125673539882112346383408867177734375
904114852299282475535138483923125
-153990564306697052057582196954836465054074867824501979409316482666015625
3612750813
308158357173373554613033307220933716877738682557681798990046875
659398432875
-2676424861107363419435738573351890335689484375
301095723643037290000699721055
-4591559538038416315361076618658054335135
-1044290661736833
-605108964169986071593071187363442023920218203125
2615656019375
-16072840192559948469140986317138463125
-41270581811901830125061997030259870093125
34781233430662758937878046781057996892713106787814034375
-6345518600897708914360209859453125
685260078952510231655895570777321043040625
112261264302504293048935420568535525870479673973735442946699085086478529296875
204870400089104194752516429396173430635451484563729179351932734375
-1046655231025220241241147067923581728332774531882125
-3070668152916378402936756163806622157706371871569357171534666343425571733948553466796875
326982807612220773847189011660890427621710451377197265625
-431514267940380711271185
-6923653784479628793265749855139720429917628276656837606412658111572265625
-46966436393920949084691843489710325672079706524608984375
-270490201250783216980659525
