-514989262200610176856052031085546471916694478226656629341764012482421875
-259414803650709
337241332635212952804375
-1433328515489
48628662466316400556675617885465387469661777094569424999
-4373782623195594094450125
-75150704897180314942065781978084903369203375
124338438388500712129900970599156147360461547260666891936486649017333984375
-345200346841702846320477
706177563982765875101547663421853225680228125
-96092078414102501476537569261785093060929356985376126345947265625
-8432938638928321602137749363450283109360675
-17755087326492053417826375
217173485270301253231558489096052090006761341796875
-15747948991949896190332856524094663390505307341624375
131611341973364796137393480910268353855206038602520725986713560791015625
-536968351114023719789380904825894147159593170076766558567300984150390625
-2146794066244836166296095673200987462265734640548511267923725324632328125
5860318342460474791969451104297594301797670944302271357241384196533203125
8128771540911
